NUM_OF_TRIANGLES 2
		
// positions        // normals        // texture Coords // tangents // bitangents
// Bottom triangle
-1.0, 0.0, -1.0,    0.0, 1.0, 0.0,    0.0, 3,   1.0, 0.0, 0.0,   0.0, 0.0, -1.0,
-1.0, 0.0,  1.0,    0.0, 1.0, 0.0,    0.0,  0.0,   1.0, 0.0, 0.0,   0.0, 0.0, -1.0,
1.0,  0.0,  1.0,    0.0, 1.0, 0.0,    3, 0.0,   1.0, 0.0, 0.0,   0.0, 0.0, -1.0,
// top triangle												 
-1.0, 0.0, -1.0,    0.0, 1.0, 0.0,    0.0,  3,  1.0, 0.0, 0.0,   0.0, 0.0, -1.0,
1.0,  0.0,  1.0,    0.0, 1.0, 0.0,    3, 0.0,   1.0, 0.0, 0.0,   0.0, 0.0, -1.0,
1.0,  0.0, -1.0,    0.0, 1.0, 0.0,    3, 3,  1.0, 0.0, 0.0,   0.0, 0.0, -1.0